------------ -------- -------------- -------------- -------------- -----------------
  Period       Visits   Pages Served   Cache Hits     Cache Misses   Cache Hit Ratio
 ------------ -------- -------------- -------------- -------------- -----------------
  2024-03-27   51,260        293,072        173,133        119,939   59.08%
  2024-03-28   48,968        279,623        167,958        111,665   60.07%
  2024-03-29   43,345        247,564        158,776         88,788   64.14%
  2024-03-30   35,460        162,069        101,321         60,748   62.52%
  2024-03-31   29,692        152,888         97,635         55,253   63.86%
  2024-04-01   38,607        237,174        158,896         78,278   67.00%
  2024-04-02   54,024        309,394        180,720        128,674   58.41%
  2024-04-03   51,341        294,570        177,061        117,509   60.11%
  2024-04-04   53,013        302,958        178,127        124,831   58.80%
  2024-04-05   55,901        295,778        196,251         99,527   66.35%
  2024-04-06   43,636        206,982        127,218         79,764   61.46%
  2024-04-07   41,586        204,453        128,211         76,242   62.71%
  2024-04-08   54,528        320,358        189,877        130,481   59.27%
  2024-04-09   53,544        314,971        192,341        122,630   61.07%
  2024-04-10   53,492        325,770        204,408        121,362   62.75%
  2024-04-11   53,465        303,585        182,119        121,466   59.99%
  2024-04-12   49,622        339,010        207,856        131,154   61.31%
  2024-04-13   41,144        247,302        146,386        100,916   59.19%
  2024-04-14   34,181        177,981        122,927         55,054   69.07%
  2024-04-15   46,212        286,965        192,706         94,259   67.15%
  2024-04-16   46,146        302,605        199,551        103,054   65.94%
  2024-04-17   45,809        284,765        191,921         92,844   67.40%
  2024-04-18   50,251        283,687        180,395        103,292   63.59%
  2024-04-19   43,520        265,794        180,778         85,016   68.01%
  2024-04-20   33,997        173,937        113,256         60,681   65.11%
  2024-04-21   34,704        180,988        120,206         60,782   66.42%
  2024-04-22   48,664        291,877        181,405        110,472   62.15%
  2024-04-23   48,628        307,812        198,411        109,401   64.46%
 ------------ -------- -------------- -------------- -------------- -----------------
